#######bpm condition_average########
 [[65.24677068 62.7229157  72.96629963 60.32538424 64.65972701 60.18939141  67.27005506 62.91045132 61.48571674]
 [80.13906886 78.92134349 80.28304791 80.33710614 79.88107125 79.82446171  84.20283605 82.96004323 81.3344899 ]
 [67.43418817 68.63111579 66.40751843 68.16731776 67.32879197 69.33047753  67.4336727  66.87125227 67.06911268]
 [73.59342126 75.52823489 72.29807939 75.00703588 72.49031535 75.1108732  76.97034263 80.51450747 78.16702841]
 [89.29503196 80.59069362 89.92477666 62.83003585 89.17653985 89.86418166  90.59341047 84.91081844 82.10965304]
 [67.88026918 66.48331367 64.77490452 69.25957447 65.88481092 64.62308495  66.23981526 67.1553262  71.10833757]
 [75.84862849 76.97908441 76.24159453 76.10957506 78.11306803 76.43606699  77.18051869 76.27649895 78.53134775]
 [64.56105886 63.35088614 60.6659478  63.0410492  61.47405176 63.28891714  62.3860472  62.45840037 63.96729437]
 [81.53360733 81.44639453 81.19937978 79.96106417 80.00061297 79.38741517  80.40511068 79.09889734 81.18622818]
 [83.73540079 78.44663129 74.87620888 76.9501116  77.75281284 75.6232569  78.85287109 78.88240339 78.06097192]
 [66.20493209 64.5645441  70.57353202 52.56007871 71.83922496 81.33822922  74.25020059 57.09147162 54.30172175]
 [81.34317383 83.0369863  79.28685306 82.3170941  78.93659268 78.54844062  80.86714013 80.83617805 80.61593535]
 [77.90135142 75.29144661 76.07450058 79.11892376 77.22792637 74.35281084  77.36191373 69.99609961 75.95166728]
 [76.09271952 73.15376688 74.20786408 73.36354024 74.31066718 75.88727864  76.80293593 74.77258302 75.25070764]
 [89.47786065 87.22869126 92.15646056 84.47045378 90.67185318 92.21331755  92.68664233 91.6487285  87.92617955]
 [77.56423535 80.12509308 79.00454867 79.28982031 80.3343208  81.4444547  82.21501575 80.47004431 81.28683841]
 [80.38101283 79.17395292 78.21402471 78.14956561 78.92544971 78.44281764  80.36465785 78.56702752 77.82744863]
 [67.73783713 66.97718514 67.48911404 67.55576239 66.75371002 68.1593764  67.65032838 67.83743252 68.40980094]
 [69.31661086 63.25969943 63.81362229 61.26727998 63.25216976 66.26239114  67.93981942 72.95979256 58.91923264]]

#######bpm average for each condition#######
condition 1 : 75.5414
condition 2 : 73.9954
condition 3 : 74.761
condition 4 : 72.1095
condition 5 : 74.6849
condition 6 : 75.2804
condition 7 : 76.4039
condition 8 : 74.5378
condition 9 : 73.8689

#######bpm statistics########
condition 1 :  s = 0.2417 p = 0.8117
condition 2 :  s = -1.1515 p = 0.2646
condition 3 :  s = -0.5368 p = 0.598
condition 4 :  s = -1.5008 p = 0.1507
condition 5 :  s = -0.8896 p = 0.3854
condition 7 :  s = 1.7469 p = 0.0977
condition 8 :  s = -0.5035 p = 0.6207
condition 9 :  s = -0.8663 p = 0.3977