interpolation param=spline,3:
##############condition average##################
[[-0.0302824  -0.03526986 -0.07807172 -0.01289908 -0.01486576 -0.08067044   0.01288154 -0.00197252  0.0400773 ]
 [-0.12277954 -0.03964137  0.07643946  0.15087366  0.14128763 -0.02059701   0.09628707  0.2123025  -0.0596087 ]
 [ 0.08487563 -0.09797446 -0.12197185 -0.01440577 -0.24787232  0.31830776  -0.05050427 -0.03177158  0.13150209]
 [ 0.08120788  0.02755766 -0.08860275  0.07751853 -0.00065214  0.06969912   0.06075781  0.09164468 -0.20199022]
 [-0.08140905 -0.08764774 -0.04032497 -0.06828925  0.011161    0.01969449  -0.06366241 -0.04351705 -0.01382309]
 [ 0.11725343  0.05730255  0.03643364  0.01302054  0.00917843  0.01654749   0.02056152  0.0005075  -0.00096705]
 [-0.06054122  0.0750847  -0.01406034  0.02490271 -0.12516162 -0.01623268   0.06695512  0.13433806 -0.00083005]
 [ 0.02762346  0.06059004  0.04897196  0.09607889  0.07769868  0.00786341   0.01004887  0.02152317  0.01649393]
 [-0.04783122 -0.03877225 -0.00771627  0.00583045 -0.02607624  0.06797191  -0.02044382 -0.05747463 -0.03643658]
 [-0.20195429 -0.01797771  0.31373877 -0.10558791  0.00658318  0.29655629   0.17026032  0.30064758  0.02242501]
 [ 0.03881393  0.04971462 -0.02660007 -0.0491127   0.00650819  0.10834177  -0.05480844 -0.07203096 -0.1035363 ]
 [-0.04969557 -0.04874131  0.1294767   0.20511059 -0.02688498  0.04614584  -0.18284309  0.1637828   0.04420931]
 [-0.05863137 -0.08386277 -0.09779481 -0.09546542 -0.0646058  -0.05287546  -0.11620598 -0.17852431 -0.13715615]
 [-0.14954787 -0.03568942 -0.0147457  -0.0612126   0.02494409  0.04721297   0.01418681 -0.00582889 -0.01002696]
 [-0.32919692 -0.0354582  -0.13473307 -0.01421215 -0.19209363 -0.01718053   0.4108658  -0.09507577  0.07144417]
 [ 0.13083198  0.0287364   0.04828261 -0.02333574  0.12224664  0.03057659   0.03633203  0.03241501  0.01305092]
 [ 0.02979195  0.08056448  0.11581125  0.02404365 -0.00467758  0.00452507   0.00930858 -0.06129482 -0.13829779]
 [ 0.05032713 -0.03170802 -0.03360132 -0.03314881 -0.09289597 -0.11509377  -0.12804069  0.05402966 -0.04114858]
 [ 0.06643272  0.00339204 -0.03688838  0.13118102 -0.16843375  0.06123181   0.03937311 -0.03396124  0.02022728]]

#######th average for each condition#######
condition 1 : -0.0266
condition 2 : -0.0089
condition 3 : 0.0039
condition 4 : 0.0132
condition 5 : -0.0297
condition 6 : 0.0417
condition 7 : 0.0174
condition 8 : 0.0226
condition 9 : -0.0202

#######th statistics########
condition 1 :  s = -1.8774 p = 0.0768
condition 2 :  s = -1.7089 p = 0.1047
condition 3 :  s = -1.3051 p = 0.2083
condition 4 :  s = -0.8427 p = 0.4105
condition 5 :  s = -1.9106 p = 0.0721
condition 7 :  s = -0.6662 p = 0.5137
condition 8 :  s = -0.6116 p = 0.5485
condition 9 :  s = -2.3837 p = 0.0284
​