#######rmssd condition_average########
 [[ 81.65613491  76.63702633  94.33675049 106.34446314  87.93171394   71.66716412  82.01929863  56.51413461 107.32936667]
 [ 61.2250604   54.27580568  52.31728054  47.23229353  55.45289366   50.13869898  45.49459514  48.83450077  50.34505208]
 [ 42.40470369  41.88109452  44.63060638  45.39755144  51.53093946   45.01289643  53.22853243  45.98170588  50.07839211]
 [ 37.56671414  40.82717653  39.85862568  44.12628006  46.53569977   49.32184007  44.61701509  60.54095572  78.39492821]
 [ 43.26491408  81.80660207  35.52010215  94.770282    41.59901425   40.24935034  44.12056483  44.15443424  56.09346805]
 [ 92.63912926  93.24337378  82.08399111  89.98536243  79.69282039   82.96774622  77.36446295  81.98032346  88.77264492]
 [ 40.07886423  43.51734576  52.60166555  50.19133134  44.73926741   39.42801746  44.74745542  43.07839649  51.38264304]
 [ 73.5373269   70.69411537  82.34952962  73.91935837  85.77278037   71.14307691  72.21257179  72.3580261   77.64092372]
 [ 26.81886799  24.07567115  26.94371557  30.00001579  29.29740268   29.12173004  27.41813561  28.351774    29.97578868]
 [ 54.97497035  48.32780223  70.9995913   60.78293948  70.53274835   44.57686735  37.93234439  43.87232739  38.51354322]
 [ 66.68188472  60.14925459  66.40769089  73.17098224          nan   99.31350111  63.34375642  71.48907104  77.73252867]
 [ 48.13150193  54.34711518  57.18046716  40.55732763  50.95775899   51.38185214  47.13542262  45.78063811  50.0093274 ]
 [ 76.88483618  67.09356226  60.19258075  64.05344481  59.5422837   74.63905818  57.67585504  86.07795117  65.7530802 ]
 [ 53.47994049  46.00366822  53.59304317  43.16870489  38.77911073   44.43645194  37.12487095  41.51845789  46.42187748]
 [ 39.09394051  54.1370497   41.4965423   47.95835071  29.60860908   38.43359084  30.17876202  33.98899105  30.09404091]
 [ 45.88683859  38.80411449  39.50863775  39.13830202  41.73860342   38.8494653   38.118227    35.05672411  34.32634235]
 [ 39.35477374  43.51147706  45.15996384  44.97867522  44.80801371   46.23855889  38.78675581  51.93984664  50.59825982]
 [ 49.27663873  38.29340567  43.27364936  50.65663671  52.83803492   46.42677269  49.61398167  48.93229181  44.88021864]
 [ 80.99848983  83.50223841  76.79207864  93.76954582  73.54521383   87.75355154  92.90435108  88.57240316  98.91375035]]

#######rmssd average for each condition#######
condition 1 : 55.4713
condition 2 : 55.8488
condition 3 : 56.0656
condition 4 : 60.0106
condition 5 : 54.7168
condition 6 : 55.3211
condition 7 : 51.7914
condition 8 : 54.1591
condition 9 : 59.3293

#######rmssd statistics########
condition 1 :  s = 0.0637 p = 0.9499
condition 2 :  s = 0.1553 p = 0.8783
condition 3 :  s = 0.2444 p = 0.8097
condition 4 :  s = 1.1924 p = 0.2486
condition 5 :  s = 0.7581 p = 0.4587
condition 7 :  s = -1.4903 p = 0.1535
condition 8 :  s = -0.5778 p = 0.5706
condition 9 :  s = 1.3246 p = 0.2019