#######sdnn condition_average########
 [[166.20039499 130.59589731 140.603207   137.01009968 144.8749048  118.69525206 111.89621033 128.31322468 159.96532129]
 [ 73.85692922  69.56515901  73.98203935  93.69928999  71.23863741   64.92622945  66.15221316  84.57999239  74.38843587]
 [ 59.27059754  60.50047805  59.76174061  53.26087123  49.41516766   49.71001811  55.93620557  49.16182217  51.99742981]
 [ 47.35418677  68.77845275  57.43447854  46.20602023  56.88964088   61.65934219  63.81078181  94.13297188  80.49888082]
 [ 82.41174468 136.53174956  92.2227333  176.13194897  56.78549353   50.8687409   45.68899205  77.54079103  77.08062771]
 [ 96.36443503  79.06172499  79.88504499 104.34268756  66.32128767   82.15280038  76.88432555  79.36285683  98.45808039]
 [ 44.29754876  43.53938518  43.16682266  60.63817905  46.04312357   42.36174174  39.38800797  48.03788212  62.57504609]
 [ 92.75363421  73.19388003  94.93515766  87.25366505  83.88353531   94.71585629  70.58014297  76.86472928  76.70571764]
 [ 29.0597897   30.15402321  25.66564333  34.16456076  34.64141065   27.30128722  30.55137219  31.04300879  33.9027187 ]
 [ 83.22961094  47.12290456  76.45827552  62.97297806  67.27986669   55.51823767  50.22732321  50.61777654  47.0901923 ]
 [109.90923787 174.11991487 122.0151369  104.87835352 135.98919789  141.27377704 127.35009353 136.8274425   93.91659026]
 [ 67.41166596  51.00101517  56.32510452  54.89198929  59.31554827   68.78823179  57.03853827  55.5271955   52.50569417]
 [ 73.50917872  65.35523818  58.53874251  68.30241341  71.84029401   79.73550161  54.53577319 127.04489316  87.34145593]
 [ 57.95878574  45.1565482   46.81211021  44.27928757  36.51501255   48.79123799  38.6842333   47.40003333  49.53063247]
 [ 43.82783466  62.34490993  46.11271385  60.36590692  49.17980664   45.99238563  48.55035078  40.03750057  40.98405363]
 [ 59.64330359  47.28487671  47.27401743  50.53105689  54.02384112   46.56480524  54.83263972  47.4881831   38.03058972]
 [ 50.69538226  62.22256984  55.64663084  52.43816506  56.16387182   53.45267467  49.29694765  57.18262525  56.93014162]
 [ 63.38829835  45.16073441  54.04051401  62.06315247  64.07978841   54.52105863  50.42959587  56.33765625  57.29718603]
 [109.24267584  97.62450025  96.06104046  89.58716127  80.91251845   86.42438082 127.56727866 116.79169367  98.26786705]]

#######sdnn average for each condition#######
condition 1 : 74.2308
condition 2 : 73.1218
condition 3 : 69.839
condition 4 : 75.9483
condition 5 : 67.6523
condition 6 : 67.0239
condition 7 : 64.179
condition 8 : 73.9101
condition 9 : 70.393

#######sdnn statistics########
condition 1 :  s = 1.7951 p = 0.0894
condition 2 :  s = 1.1457 p = 0.2669
condition 3 :  s = 0.8484 p = 0.4073
condition 4 :  s = 1.2122 p = 0.2411
condition 5 :  s = 0.2684 p = 0.7915
condition 7 :  s = -0.8902 p = 0.3851
condition 8 :  s = 1.7742 p = 0.0929
condition 9 :  s = 0.7692 p = 0.4518