
############condition average#############
[[28.30585649 28.56990727 32.64452901 32.81572075 32.34139359 29.01185675   20.92112821 33.98715992 32.29008208]
 [12.6465637  11.9344246   3.35340541  2.16485175  2.6460351   3.03620424   1.76414016  2.7359827   3.84175786]
 [ 1.37589145  3.07967759  2.60847036  1.84699084  4.19780818  1.07444716   2.0485845   0.70227793  2.35202198]
 [ 8.59599848 10.08214372  6.02332219  4.45243791  2.01134441  7.50277973   6.47691658 13.54738577 10.6008494 ]
 [10.11012224  7.29134004  6.02931044  5.32062569  5.18786031  3.18403443   0.33895165  2.68370455  5.69910264]
 [10.43716775 17.1657016  13.79998457 15.32737883 12.71299593 11.32432254  16.30295079 16.28939359 18.82474551]
 [ 7.94402704  7.45426437  6.48471039  5.40304972  4.74385479  5.51431632   4.84110282  9.15577643  7.32953899]
 [ 4.67028128  2.81202815  2.04659733  2.85997969  1.71879102  1.12115303   1.561309    0.34572773  1.6629081 ]
 [ 3.33049515  2.83678302  4.53175071  3.98440978  5.53365458  3.71546601   2.86585892  4.43680529  6.59377097]
 [ 1.19614161  4.55146669 15.33807923  3.62789521  1.31243509  1.94293127   0.4721895   2.04516487  0.32468117]
 [ 6.4366357   6.64318091  3.34494513  6.4210398   7.63153706  2.0760592   6.45639228  3.77794495 10.00343903]
 [ 5.80910705  3.38940294  2.59982988  2.75440521  4.49249098  1.84073949   5.70902579  2.06665125  2.66456241]
 [ 4.66821598  7.55726851 10.41013868  7.57796481 10.25991139  7.75831427   5.66669003  9.42391294  6.40432864]
 [ 5.18215829  5.1291586   2.8711374   1.18869872  1.78512186  1.62477719   2.88708691  0.7945786   2.55346233]
 [ 6.80746797 10.62046706  5.54923803  5.20002262  4.98267434  6.73804363   6.21106314  5.38081386  5.11683348]
 [ 6.68528465  4.67960134  5.7440811   3.11987521  1.69392001  3.58892275   3.26519908  2.25432809  1.93663012]
 [ 4.27762805  2.64147068  4.55539594  2.38804517  3.07419006  3.6365677   2.92084947  4.33093592  4.32941892]
 [10.54437253  7.3573534   8.36089225  7.91382092  8.30229517  7.95807534   4.99036194 10.06330949  8.51834101]
 [ 2.94321682  6.7955295   6.04723412  3.0544067   5.30649338  9.30239465   3.48981481  4.10602817  5.30811948]]

#######SF average for each condition#######
condition 1 : 7.4719
condition 2 : 7.9259
condition 3 : 7.4917
condition 4 : 6.1801
condition 5 : 6.3124
condition 6 : 5.8922
condition 7 : 5.2205
condition 8 : 6.7436
condition 9 : 7.1766

#######SF statistics########
condition 1 :  s = 1.9315 p = 0.0693
condition 2 :  s = 3.2234 p = 0.0047
condition 3 :  s = 2.125 p = 0.0477
condition 4 :  s = 0.5004 p = 0.6229
condition 5 :  s = 0.6932 p = 0.497
condition 7 :  s = -0.9245 p = 0.3675
condition 8 :  s = 1.3863 p = 0.1826
condition 9 :  s = 1.8976 p = 0.0739
