#######SCR_Peaks_N average for each condition and participant#######
[[35.  30.5 34.  18.  33.  27.5 39.  41.  27. ]
 [10.  96.  80.5  3.   7.5 77.   2.  10.  11.5]
 [ 6.  12.  15.  14.5 12.  14.5 12.  15.   7. ]
 [87.   3.  59.  57.  80.  51.5  8.5 21.5 20.5]
 [ 3.   3.   4.5  8.5  5.5 13.  48.5  3.   3. ]
 [19.  29.5 13.  23.  20.5 43.  23.5 22.  35. ]
 [ 7.   4.  11.   6.   4.5  3.5  2.   5.   6.5]
 [13.   9.   5.5 12.5 38.  19.5 22.5 53.  13.5]
 [ 3.5  3.5  7.   6.5  5.5  5.   6.   6.5  9.5]
 [ 1.  10.   5.   5.5  4.5 17.  12.   8.   9.5]
 [ 8.   4.5 17.  14.5 11.  15.   8.  14.5 15.5]
 [18.5 16.5 15.5 14.5 16.  12.5 14.   8.  14. ]
 [31.5  6.5 11.  21.  16.5  7.   3.  10.  17.5]
 [16.   8.5  8.5 22.  14.  42.5  4.5  8.  10. ]
 [ 7.   6.5  7.   2.   5.  11.5  8.   5.5  2.5]
 [11.5  8.5 11.5  3.5  9.5  5.   8.   8.   6.5]
 [46.5 41.  36.  11.5 54.5 59.  16.5 43.  41.5]
 [16.5 17.   9.5 15.  12.5 15.5 14.5 13.  12. ]
 [ 2.5 41.   8.   3.5  4.5  5.   9.5  3.5  8.5]]

#######SCR_Peaks_N average for each condition#######
condition 1 : 18.0263
condition 2 : 18.4474
condition 3 : 18.8684
condition 4 : 13.7895
condition 5 : 18.6579
condition 6 : 23.3947
condition 7 : 13.7895
condition 8 : 15.7105
condition 9 : 14.2632

#######SCR_Peaks_N statistics########
condition 1 :  s = -1.1147 p = 0.2796
condition 2 :  s = -1.2173 p = 0.2392
condition 3 :  s = -1.5502 p = 0.1385
condition 4 :  s = -2.0614 p = 0.054
condition 5 :  s = -1.0226 p = 0.32
condition 7 :  s = -1.7016 p = 0.106
condition 8 :  s = -1.6166 p = 0.1234
condition 9 :  s = -2.2583 p = 0.0366





#######SCR_Peaks_Amplitude_Mean average for each condition and participant#######
[[ 0.00007629  0.00007078  0.00010827  0.00007598  0.00011396  0.0000537   0.00002053  0.0000851   0.00010006]
 [ 0.00019898  0.00013378  0.00004802  0.0000791   0.00003389  0.00017829   0.000076    0.00002864  0.00029156]
 [ 0.00669902  0.01348722  0.01668057  0.01582397  0.03223822  0.01055826   0.05121118  0.03089545  3.09484503]
 [ 0.00000288  1.16362412  0.00000323  0.00000218  0.00000315  3.41378859   0.00000397  0.00000125  0.00000233]
 [ 0.00039035  9.97353145  0.00007556  0.00006664 11.03246755  0.00005276   0.00000881  0.00003657  0.00005044]
 [ 0.00598157  0.00010935  8.17960049  0.00009815  0.00010788  0.00006207   0.00008854  0.00006979  0.00011097]
 [ 0.00030535  0.00016355  0.00013749  0.00013837  0.00015271  0.00004848   0.00003592  0.00002416  0.00024829]
 [ 0.00006133  0.00004128  0.00006349  0.00001869  0.00002318  0.00001476   0.00002612  0.00000816  0.0000167 ]
 [ 0.00003355  0.00003229  0.00003067  0.00015839  0.00017297  0.0000118   0.00001407  0.00003779  0.00010272]
 [ 3.94608369  0.00048508  0.00396197  1.15127078  0.00184388  0.00178083   0.00057254  0.00065531  0.0015587 ]
 [ 0.00010354  0.00020514  0.00009789  0.00017606  0.00008456  0.00002807   0.00006498  0.00007047  0.00023234]
 [ 0.00016821  0.00009124  0.00010262  0.00010353  0.00022486  0.00011389   0.00024844  0.00008657  0.00021406]
 [ 0.00000983  0.00000556  0.00000531  0.00000633  0.00000598  0.00001427   0.00000793  0.00001777  0.00001276]
 [ 0.00045734  0.0002769   0.00013446  0.00012799  0.00009658  0.00008934   0.00033751  0.00003301  0.00004082]
 [ 0.00010384  0.00047942  0.00014514  0.00019739  0.0002109   0.00029526   0.00014506  0.00026118  0.00566341]
 [ 0.0002849   0.00021034  0.00012064  0.00012726  0.00013458  0.0001489   0.00012412  0.00004668  0.00005367]
 [ 0.00004307  0.0000141   0.00001233  0.00000697  0.00002009  0.00001951   0.00001196  0.00001889  0.0000229 ]
 [ 0.00020143  0.00019147  0.00015889  0.0002809   0.00017753  0.00016098   0.00012112  0.00017665  0.0002144 ]
 [ 2.96400178  0.0072946   3.82395408  0.00053224  3.83024438  7.62953685   0.00029538  0.00786164  0.00289417]]


######SCR_Peaks_Amplitude_Mean average for each condition#######
condition 1 : 0.3645
condition 2 : 0.5874
condition 3 : 0.6329
condition 4 : 0.0615
condition 5 : 0.7841
condition 6 : 0.5819
condition 7 : 0.0028
condition 8 : 0.0021
condition 9 : 0.1635

#######SCR_Peaks_Amplitude_Mean statistics########
condition 1 :  s = -0.58 p = 0.5691
condition 2 :  s = 0.0079 p = 0.9938
condition 3 :  s = 0.0978 p = 0.9232
condition 4 :  s = -1.1843 p = 0.2517
condition 5 :  s = 0.3084 p = 0.7614
condition 7 :  s = -1.3441 p = 0.1956
condition 8 :  s = -1.3471 p = 0.1947
condition 9 :  s = -0.8876 p = 0.3865










###########RAW DATA##########
SCR_Peaks_N SCR_Peaks_Amplitude_Mean
27.00000000 0.00007618
43.00000000 0.00007639
19.00000000 0.00002190
42.00000000 0.00011966
24.00000000 0.00009251
44.00000000 0.00012403
11.00000000 0.00005177
25.00000000 0.00010020
36.00000000 0.00003520
30.00000000 0.00019272
41.00000000 0.00002917
14.00000000 0.00007823
43.00000000 0.00001488
35.00000000 0.00002619
52.00000000 0.00002912
30.00000000 0.00014109
37.00000000 0.00010241
17.00000000 0.00009771
3.00000000 0.00000949
17.00000000 0.00038848
147.00000000 0.00001409
45.00000000 0.00025348
4.00000000 0.00007956
157.00000000 0.00001647
4.00000000 0.00013545
2.00000000 0.00002275
6.00000000 0.00006502
9.00000000 0.00000276
6.00000000 0.00033024
148.00000000 0.00002634
2.00000000 0.00008647
2.00000000 0.00006553
4.00000000 0.00004753
16.00000000 0.00000974
9.00000000 0.00057978
14.00000000 0.00000335
4.00000000 0.00991970
8.00000000 0.00347834
19.00000000 0.02419869
5.00000000 0.00277575
17.00000000 0.02470565
13.00000000 0.00865550
16.00000000 0.02828490
13.00000000 0.00336305
10.00000000 0.05470505
14.00000000 0.00977138
16.00000000 0.00496629
13.00000000 0.01615023
9.00000000 0.00659190
15.00000000 0.09583045
13.00000000 0.00334709
17.00000000 0.05844381
12.00000000 0.00570902
2.00000000 6.18398103
9.00000000 0.00000130
165.00000000 0.00000446
1.00000000 2.32724772
5.00000000 0.00000053
93.00000000 0.00000443
25.00000000 0.00000204
98.00000000 0.00000366
16.00000000 0.00000069
21.00000000 0.00000239
139.00000000 0.00000391
2.00000000 6.82757460
101.00000000 0.00000257
9.00000000 0.00000600
8.00000000 0.00000195
1.00000000 0.00000018
42.00000000 0.00000232
34.00000000 0.00000314
7.00000000 0.00000152
4.00000000 0.00028853
2.00000000 0.00049217
4.00000000 19.94609295
2.00000000 0.00096995
4.00000000 0.00004271
5.00000000 0.00010842
7.00000000 0.00002537
10.00000000 0.00010791
5.00000000 0.00002060
6.00000000 22.06491449
10.00000000 0.00000425
16.00000000 0.00010127
88.00000000 0.00001011
9.00000000 0.00000751
1.00000000 0.00000551
5.00000000 0.00006763
3.00000000 0.00003099
3.00000000 0.00006989
36.00000000 0.00008857
2.00000000 0.01187457
41.00000000 0.00011131
18.00000000 0.00010740
21.00000000 0.00007477
5.00000000 16.35912620
29.00000000 0.00015355
17.00000000 0.00004276
11.00000000 0.00017591
30.00000000 0.00003985
46.00000000 0.00003440
40.00000000 0.00008974
38.00000000 0.00016693
9.00000000 0.00001015
13.00000000 0.00008450
31.00000000 0.00005508
36.00000000 0.00007325
34.00000000 0.00014870
7.00000000 0.00053963
7.00000000 0.00007106
4.00000000 0.00016066
4.00000000 0.00016644
8.00000000 0.00004930
14.00000000 0.00022569
6.00000000 0.00006951
6.00000000 0.00020723
3.00000000 0.00024142
6.00000000 0.00006399
1.00000000 0.00000933
6.00000000 0.00008763
2.00000000 0.00001381
2.00000000 0.00005803
6.00000000 0.00002583
4.00000000 0.00002249
8.00000000 0.00002882
5.00000000 0.00046776
6.00000000 0.00000159
20.00000000 0.00012107
4.00000000 0.00003125
14.00000000 0.00005131
6.00000000 0.00010863
5.00000000 0.00001835
18.00000000 0.00000963
7.00000000 0.00002775
61.00000000 0.00001691
15.00000000 0.00002946
31.00000000 0.00001100
8.00000000 0.00001852
40.00000000 0.00000823
5.00000000 0.00004400
79.00000000 0.00001184
27.00000000 0.00000447
13.00000000 0.00002500
14.00000000 0.00000840
2.00000000 0.00004195
5.00000000 0.00002515
3.00000000 0.00000468
4.00000000 0.00005991
8.00000000 0.00005024
6.00000000 0.00001110
4.00000000 0.00030604
9.00000000 0.00001074
7.00000000 0.00026196
4.00000000 0.00008398
6.00000000 0.00001847
4.00000000 0.00000513
6.00000000 0.00002231
6.00000000 0.00000583
9.00000000 0.00001679
4.00000000 0.00005879
10.00000000 0.00000534
9.00000000 0.00020009
1.00000000 2.29868940
1.00000000 5.59347799
7.00000000 0.00011287
13.00000000 0.00085729
6.00000000 0.00697511
4.00000000 0.00094882
10.00000000 0.00125339
1.00000000 2.30128816
7.00000000 0.00346861
2.00000000 0.00021914
28.00000000 0.00258823
6.00000000 0.00097343
5.00000000 0.00105980
19.00000000 0.00008528
6.00000000 0.00107098
10.00000000 0.00023963
3.00000000 0.00293463
16.00000000 0.00018278
6.00000000 0.00007128
10.00000000 0.00013579
5.00000000 0.00017481
4.00000000 0.00023547
12.00000000 0.00011490
22.00000000 0.00008087
10.00000000 0.00026209
19.00000000 0.00009004
9.00000000 0.00008047
13.00000000 0.00008866
22.00000000 0.00001666
8.00000000 0.00003948
8.00000000 0.00009249
8.00000000 0.00003748
19.00000000 0.00006709
10.00000000 0.00007385
18.00000000 0.00016205
13.00000000 0.00030263
12.00000000 0.00006623
25.00000000 0.00027019
11.00000000 0.00005940
22.00000000 0.00012308
17.00000000 0.00008238
14.00000000 0.00012285
18.00000000 0.00010048
11.00000000 0.00010659
19.00000000 0.00027438
13.00000000 0.00017534
16.00000000 0.00015882
9.00000000 0.00006896
14.00000000 0.00014845
14.00000000 0.00034842
10.00000000 0.00007012
6.00000000 0.00010302
15.00000000 0.00027086
13.00000000 0.00015726
12.00000000 0.00000889
51.00000000 0.00001077
4.00000000 0.00000368
9.00000000 0.00000744
11.00000000 0.00000724
11.00000000 0.00000339
13.00000000 0.00000745
29.00000000 0.00000522
11.00000000 0.00000716
22.00000000 0.00000480
6.00000000 0.00002439
8.00000000 0.00000414
4.00000000 0.00001574
2.00000000 0.00000012
12.00000000 0.00002719
8.00000000 0.00000835
26.00000000 0.00000919
9.00000000 0.00001633
22.00000000 0.00070583
10.00000000 0.00020886
13.00000000 0.00044872
4.00000000 0.00010508
9.00000000 0.00024923
8.00000000 0.00001970
3.00000000 0.00024405
41.00000000 0.00001194
5.00000000 0.00018581
23.00000000 0.00000735
5.00000000 0.00014702
80.00000000 0.00003166
5.00000000 0.00054851
4.00000000 0.00012652
4.00000000 0.00005341
12.00000000 0.00001260
10.00000000 0.00001313
10.00000000 0.00006850
5.00000000 0.00013656
9.00000000 0.00007113
4.00000000 0.00068506
9.00000000 0.00027378
10.00000000 0.00015603
4.00000000 0.00013425
1.00000000 0.00004578
3.00000000 0.00034901
3.00000000 0.00030412
7.00000000 0.00011767
11.00000000 0.00042161
12.00000000 0.00016891
3.00000000 0.00005846
13.00000000 0.00023167
4.00000000 0.00020855
7.00000000 0.00031381
1.00000000 0.01107363
4.00000000 0.00025320
8.00000000 0.00017244
15.00000000 0.00039735
4.00000000 0.00013655
13.00000000 0.00028412
10.00000000 0.00006442
13.00000000 0.00017686
3.00000000 0.00015796
4.00000000 0.00009655
9.00000000 0.00015557
10.00000000 0.00011360
6.00000000 0.00005589
4.00000000 0.00024191
8.00000000 0.00009695
8.00000000 0.00015130
10.00000000 0.00002695
6.00000000 0.00006641
8.00000000 0.00004946
5.00000000 0.00005789
92.00000000 0.00002904
1.00000000 0.00005709
72.00000000 0.00002328
10.00000000 0.00000492
49.00000000 0.00001559
23.00000000 0.00000908
4.00000000 0.00000749
19.00000000 0.00000646
98.00000000 0.00003161
11.00000000 0.00000856
7.00000000 0.00001403
111.00000000 0.00002499
7.00000000 0.00001268
26.00000000 0.00001124
71.00000000 0.00002899
15.00000000 0.00000879
71.00000000 0.00002907
12.00000000 0.00001674
11.00000000 0.00006664
22.00000000 0.00033621
11.00000000 0.00007291
23.00000000 0.00031004
6.00000000 0.00011161
13.00000000 0.00020618
15.00000000 0.00032474
15.00000000 0.00023705
11.00000000 0.00017508
14.00000000 0.00017998
20.00000000 0.00018765
11.00000000 0.00013432
13.00000000 0.00011697
16.00000000 0.00012528
13.00000000 0.00013550
13.00000000 0.00021780
11.00000000 0.00019341
13.00000000 0.00023539
1.00000000 5.92666489
4.00000000 0.00133867
56.00000000 0.01100057
26.00000000 0.00358862
4.00000000 7.63174611
12.00000000 0.01616205
3.00000000 0.00032773
4.00000000 0.00073675
5.00000000 0.00033750
4.00000000 7.66015126
6.00000000 0.00098113
4.00000000 15.25809257
14.00000000 0.00014625
5.00000000 0.00044450
1.00000000 0.01492319
6.00000000 0.00080008
3.00000000 0.00358262
14.00000000 0.00220573
